-320.314 974.53 727.954 nan nan nan nan nan nan nan nan nan nan nan nan
-833.474 -349.596 -37.4699 -26.3012 568.842 -128.572 -92.5742 142.64 28.2816 138.063 -252.702 -475.364 -154.108 114.475 nan
-589.886 911.687 -527.796 399.913 -655.461 -474.169 23.4581 -866.304 986.102 650.114 -132.252 740.209 904.525 nan nan
-334.602 -438.346 -841.241 nan nan nan nan nan nan nan nan nan nan nan nan
-787.148 -445.425 906.046 -132.708 904.147 nan nan nan nan nan nan nan nan nan nan
-131.774 876.154 592.32 418.872 984.256 -139.359 -443.899 -741.534 -683.925 nan nan nan nan nan nan
52.3401 208.229 -780.899 -473.597 -477.039 -211.142 -119.111 -482.402 nan nan nan nan nan nan nan
352.121 868.312 -833.911 -375.614 145.954 509.78 -866.485 -546.216 252.279 nan nan nan nan nan nan
-602.836 nan nan nan nan nan nan nan nan nan nan nan nan nan nan
-228.032 -647.51 -64.8319 153.261 nan nan nan nan nan nan nan nan nan nan nan
-810.221 -28.3946 -174.298 nan nan nan nan nan nan nan nan nan nan nan nan
-387.555 679.979 nan nan nan nan nan nan nan nan nan nan nan nan nan
218.265 -974.158 763.834 475.185 -229.884 766.377 -798.778 432.049 276.576 -837.111 450.592 427.734 -474.825 nan nan
968.875 -128.839 -276.774 920.266 694.603 505.973 386.759 -561.374 937.39 752.522 417.68 407.49 144.305 nan nan
514.141 -760.525 272.835 294.365 561.766 654.156 -458.501 744.113 nan nan nan nan nan nan nan
641.591 -546.962 363.02 -983.242 -937.381 153.283 -554.713 851.528 118.757 -104.004 -33.9349 -639.158 -906.463 931.232 nan
839.164 205.932 78.5693 -752.028 -723.358 351.312 -97.9393 8.11884 56.855 -305.627 -156.234 nan nan nan nan
-899.878 889.41 -391.406 -60.069 -750.196 -240.042 561.122 -175.163 837.703 -557.563 565.699 -51.4993 -742.178 512.725 nan
139.576 744.554 nan nan nan nan nan nan nan nan nan nan nan nan nan
-306.439 -580.248 -969.71 -181.68 -292.144 840.365 -510.372 nan nan nan nan nan nan nan nan
327.395 -18.385 -303.121 698.723 -140.275 714.285 -883.226 -899.978 709.251 -288.275 978.992 706.539 nan nan nan
540.612 711.752 964.447 925.818 600.747 nan nan nan nan nan nan nan nan nan nan
-108.667 -631.238 698.077 nan nan nan nan nan nan nan nan nan nan nan nan
764.341 -858.558 464.394 -200.008 -930.429 233.806 810.204 nan nan nan nan nan nan nan nan
-846.849 736.432 -700.66 467.541 611.548 -49.2785 867.098 -416.876 507.279 812.336 -719.898 336.346 933.738 nan nan
-551.244 -53.1572 314.933 475.319 nan nan nan nan nan nan nan nan nan nan nan
-88.1949 291.992 94.7507 nan nan nan nan nan nan nan nan nan nan nan nan
-184.93 nan nan nan nan nan nan nan nan nan nan nan nan nan nan
-537.837 614.44 819.261 nan nan nan nan nan nan nan nan nan nan nan nan
-36.2617 -509.709 -692.167 nan nan nan nan nan nan nan nan nan nan nan nan
-357.978 199.91 860.362 933.343 149.433 -39.3032 nan nan nan nan nan nan nan nan nan
108.961 -415.758 621.901 417.889 -905.076 -65.7328 -423.103 675.056 -32.5479 -801.178 nan nan nan nan nan
463.461 nan nan nan nan nan nan nan nan nan nan nan nan nan nan
-74.6784 nan nan nan nan nan nan nan nan nan nan nan nan nan nan
-918.835 nan nan nan nan nan nan nan nan nan nan nan nan nan nan
-852.49 -416.478 907.331 353.923 541.16 961.001 694.676 421.216 -399.367 -284.865 303.425 nan nan nan nan
807.807 822.816 -372.144 260.199 -786.868 -423.348 271.568 -762.808 858.011 200.941 158.114 nan nan nan nan
166.845 231.24 60.8407 88.9687 -217.781 -33.9211 799.448 -639.56 nan nan nan nan nan nan nan
-873.827 -804.085 -776.195 nan nan nan nan nan nan nan nan nan nan nan nan
674.79 -639.148 859.522 -25.3615 -185.605 nan nan nan nan nan nan nan nan nan nan
-290.235 -498.927 -117.956 -346.963 -285.676 336.476 -751.233 -644.312 -245.61 -244.433 -696.211 nan nan nan nan
-33.1754 -557.425 518.621 851.741 -868.719 775.145 812.574 -921.738 -831.977 155.203 315.022 nan nan nan nan
-885.265 604.545 -123.327 -305.173 -598.568 620.604 nan nan nan nan nan nan nan nan nan
706.004 -737.433 -98.8813 -415.604 897.926 -574.057 547.953 -28.2616 664.831 175.955 -699.653 -15.2384 -202.535 -610.946 nan
840.646 -830.259 -422.899 -876.646 989.723 nan nan nan nan nan nan nan nan nan nan
367.012 -388.978 -35.8572 941.402 984.607 823.337 -65.4464 666.197 268.309 nan nan nan nan nan nan
326.412 663.89 -186.187 nan nan nan nan nan nan nan nan nan nan nan nan
-95.4643 955.116 -186.457 -367.199 494.179 366.064 935.613 943.975 482.526 58.9834 -995.475 -233.066 nan nan nan
-355.47 -183.157 -588.993 -855.661 -141.247 534.122 240.209 93.8632 981.605 -620.361 885.066 -80.5442 661.37 nan nan
722.573 -299.918 354.252 -249.229 944.52 -472.778 8.15556 -761.302 -5.17327 -19.9439 -569.716 -772.401 -668.891 nan nan
818.736 nan nan nan nan nan nan nan nan nan nan nan nan nan nan
32.3017 338.329 -378.027 933.591 827.055 731.732 762.516 59.2108 -495.545 806.921 nan nan nan nan nan
-294.368 -498.98 131.658 198.11 450.187 409.432 -978.189 583.261 nan nan nan nan nan nan nan
564.482 -145.332 180.432 850.468 854.905 -609.916 649.316 nan nan nan nan nan nan nan nan
263.024 -416.268 nan nan nan nan nan nan nan nan nan nan nan nan nan
218.005 356.595 777.4 nan nan nan nan nan nan nan nan nan nan nan nan
-670.348 -70.1375 163.556 -173.503 174.683 -446.019 -527.37 -911.887 -159.371 -891.555 765.503 161.97 688.63 163.648 nan
-690.858 -892.981 949.989 -366.805 -388.576 -448.741 113.819 -681.955 67.3623 -815.976 nan nan nan nan nan
-395.239 457.596 751.385 -862.463 nan nan nan nan nan nan nan nan nan nan nan
828.85 -264.2 825.265 -513.236 -377.909 509.676 881.926 nan nan nan nan nan nan nan nan
-673.47 -353.024 447.624 654.365 -906.692 472.23 203.91 941.788 -660.819 -115.909 682.576 nan nan nan nan
-931.785 -156.349 -492.485 -509.482 105.084 -121.649 572.972 -49.4885 245.491 -657.81 866.97 nan nan nan nan
795.385 -377.837 -840.296 -464.019 704.712 -860.398 -49.6676 -622.288 655.682 491.505 -290.913 -699.06 -867.462 707.016 nan
-694.823 410.888 943.437 -957.455 -747.739 -93.0082 959.936 nan nan nan nan nan nan nan nan
975.31 -319.62 548.573 -265.978 -581.035 676.108 170.848 636.384 89.2989 -411.435 nan nan nan nan nan
-635.68 nan nan nan nan nan nan nan nan nan nan nan nan nan nan
-732.697 -422.169 -610.506 736.921 -305.278 -498.519 -22.2535 915.345 105.263 nan nan nan nan nan nan
781.221 692.514 155.156 483.455 148.936 -806.549 755.104 nan nan nan nan nan nan nan nan
836.345 262.143 537.79 -294.824 188.346 nan nan nan nan nan nan nan nan nan nan
591.106 -899.453 845.34 690.536 -265.681 -727.274 951.061 -2.1952 96.7571 340.04 nan nan nan nan nan
642.561 -686.179 -551.105 -154.373 -962.97 nan nan nan nan nan nan nan nan nan nan
-176.496 -403.499 -893.566 116.051 140.969 501.718 -972.114 490.804 303.476 nan nan nan nan nan nan
-542.745 748.838 399.64 863.886 793.956 -992.894 -396.923 122.626 -460.312 nan nan nan nan nan nan
251.142 255.096 617.975 830.026 -502.541 -834.809 114.919 -703.227 -215.312 nan nan nan nan nan nan
-384.099 -57.6756 -695.452 nan nan nan nan nan nan nan nan nan nan nan nan
694.249 nan nan nan nan nan nan nan nan nan nan nan nan nan nan
489.055 -659.284 -298.916 554.889 -18.1149 -480.229 387.301 808.495 443.526 nan nan nan nan nan nan
338.722 614.424 -794.321 -139.649 669.708 -558.853 -711.246 680.963 nan nan nan nan nan nan nan
-668.315 -72.6329 -878.921 453.7 237.021 -458.916 -549.625 499.328 492.89 290.903 -826.391 287.492 -767.518 186.196 nan
867.898 -984.741 458.665 nan nan nan nan nan nan nan nan nan nan nan nan
-126.557 341.23 -242.087 -231.937 -622.716 177.15 -108.778 745.058 268.184 -670.794 -406.842 -965.797 906.277 -79.7961 nan
406.608 451.442 616.09 77.7911 nan nan nan nan nan nan nan nan nan nan nan
-683.706 26.4483 -217.142 nan nan nan nan nan nan nan nan nan nan nan nan
-479.604 -488.898 -167.132 143.197 -485.013 -662.201 -431.337 132.469 340.827 174.009 -381.524 954.631 -301.224 247.605 nan
-998.832 892.272 -406.529 888.384 -373.872 17.7851 1.55022 nan nan nan nan nan nan nan nan
161.457 -32.3655 -541.686 753.889 -146.704 847.63 378.342 -615.476 -59.5264 925.579 -359.82 nan nan nan nan
-755.722 865.97 -645.66 79.1657 951.366 43.6778 nan nan nan nan nan nan nan nan nan
456.456 33.9842 222.108 nan nan nan nan nan nan nan nan nan nan nan nan
914.447 521.641 -292.898 -722.799 -259.848 675.231 -634.719 18.2275 nan nan nan nan nan nan nan
-515.689 nan nan nan nan nan nan nan nan nan nan nan nan nan nan
318.447 455.035 450.481 439.188 -817.177 -331.438 621.482 -85.3119 nan nan nan nan nan nan nan
-184.463 -450.454 391.142 915.072 436.536 714.267 -417.052 -713.447 -273.167 -930.739 nan nan nan nan nan
114.076 -41.4285 762.787 269.989 141.238 399.19 723.932 nan nan nan nan nan nan nan nan
427.468 -610.847 nan nan nan nan nan nan nan nan nan nan nan nan nan
-566.159 579.938 592.668 -699.706 -75.2685 -425.768 nan nan nan nan nan nan nan nan nan
876.557 909.61 15.2791 -702.981 -959.019 702.857 -870.621 -133.419 -94.8944 257.54 747.948 418.302 -966.258 nan nan
998.806 nan nan nan nan nan nan nan nan nan nan nan nan nan nan
-803.042 230.327 -145.518 304.851 -302.124 -714.889 140.474 599.96 348.409 nan nan nan nan nan nan
209.46 -959.309 nan nan nan nan nan nan nan nan nan nan nan nan nan
-568.849 -462.68 607.393 -707.017 102.635 -472.313 -898.383 -271.81 -462.448 14.292 402.719 964.229 -800.407 nan nan
401.756 417.053 168.301 -636.765 338.345 nan nan nan nan nan nan nan nan nan nan
288.172 374.409 746.568 120.08 181 655.44 -440.337 704.486 55.1191 729.42 -844.864 -86.098 nan nan nan
452.229 801.214 488.066 -215.371 737.443 718.811 -87.0027 -462.658 637.525 381.275 580.765 nan nan nan nan
-761.024 315.383 81.9713 145.381 171.903 246.829 998.617 355.937 -916.81 906.842 525.49 879.602 -698.058 930.177 nan
-269.191 120.898 51.0063 369.32 110.391 -519.69 68.8772 974.198 452.58 -731.401 371.118 -564.025 -879.347 nan nan
-800.203 nan nan nan nan nan nan nan nan nan nan nan nan nan nan
-429.538 332.26 672.452 190.621 650.786 458.809 550.799 nan nan nan nan nan nan nan nan
-198.352 -488.468 -513.057 678.221 138.847 850.017 -46.6139 -78.7976 378.795 995.751 -828.136 -567.879 90.8023 -6.8271 nan
828.537 -641.294 nan nan nan nan nan nan nan nan nan nan nan nan nan
-397.454 nan nan nan nan nan nan nan nan nan nan nan nan nan nan
-569.119 824.261 370.847 -275.502 -528.649 -425.975 nan nan nan nan nan nan nan nan nan
819.971 -392.721 nan nan nan nan nan nan nan nan nan nan nan nan nan
904.923 -340.564 -297.579 505.781 817.66 267.825 -839.225 -74.5001 -584.457 626.407 -526.634 169.353 4.98331 -419.189 nan
465.995 -173.825 -541.673 -688.343 642.374 111.828 -402.851 nan nan nan nan nan nan nan nan
291.527 -819.022 -82.8265 -777.071 -594.44 303.831 805.481 -475.766 -269.544 317.834 963.805 -677.639 828.03 599.954 nan
-920.884 -302.08 609.435 -175.144 -321.699 -322.217 -783.445 216.401 500.795 nan nan nan nan nan nan
-979.59 -558.843 -374.125 -946.953 -571.196 358.799 -512.767 nan nan nan nan nan nan nan nan
-48.5466 219.474 778.626 -228.05 358.083 -667.429 140.071 981.77 -968.591 -425.227 741.078 -839.828 nan nan nan
-932.732 90.7761 137.557 77.601 826.491 nan nan nan nan nan nan nan nan nan nan
820.866 -84.1449 762.207 -442.267 -614.908 -68.0932 -277.17 381.592 875.68 -347.586 730.207 -563.709 772.986 nan nan
-927.287 127.865 702.926 -76.2449 -845.079 nan nan nan nan nan nan nan nan nan nan
610.868 -989.54 -600.722 777.77 -993.988 -811.096 nan nan nan nan nan nan nan nan nan
-388.758 nan nan nan nan nan nan nan nan nan nan nan nan nan nan
169.333 -880.066 -623.743 784.985 408.453 865.602 -153.257 nan nan nan nan nan nan nan nan
19.618 548.686 -895.902 -980.464 512.56 379.652 -684.051 729.87 nan nan nan nan nan nan nan
599.226 -625.759 114.97 -399.156 -675.03 431.397 -57.0736 100.508 548.808 41.3338 -475.559 -597.876 522.256 624.792 nan
-317.339 -408.295 -799.056 675.042 771.225 2.4336 -12.4002 -674.225 412.292 nan nan nan nan nan nan
993.175 -113.081 nan nan nan nan nan nan nan nan nan nan nan nan nan
-709.252 -201.525 569.924 841.832 617.311 443.002 876.667 -839.916 884.291 -700.026 91.5322 -656.303 103.433 nan nan
650.502 -215.768 -545.647 183.515 nan nan nan nan nan nan nan nan nan nan nan
949.638 -905.156 -384.403 -15.7987 -885.898 -207.437 -862.614 666.492 29.1811 -658.607 nan nan nan nan nan
-756.53 -839.497 769.191 -678.951 394.738 -404.131 0.672289 -592.86 nan nan nan nan nan nan nan
416.464 -941.897 561.74 -319.058 nan nan nan nan nan nan nan nan nan nan nan
-256.616 -260.968 -971.695 -271.011 93.4066 nan nan nan nan nan nan nan nan nan nan
-514.938 613.318 -832.805 -167.94 706.7 713.459 -49.6505 nan nan nan nan nan nan nan nan
521.49 310.936 -320.309 nan nan nan nan nan nan nan nan nan nan nan nan
609.544 -489.723 -103.438 nan nan nan nan nan nan nan nan nan nan nan nan
-629.559 -889.731 nan nan nan nan nan nan nan nan nan nan nan nan nan
460.414 671.075 -776.943 -620.345 381.334 -183.542 109.449 860.665 352.195 396.605 nan nan nan nan nan
888.822 -921.77 292.149 -262.313 -67.5854 338.25 939.039 -356.543 -229.195 365.336 628.812 nan nan nan nan
-859.092 -188.335 -960.688 nan nan nan nan nan nan nan nan nan nan nan nan
837.41 -494.081 991.276 724.563 -1.69513 162.996 -451.783 -976.696 655.09 -449.977 -288.552 nan nan nan nan
101.525 nan nan nan nan nan nan nan nan nan nan nan nan nan nan
-975.242 886.376 -723.611 151.108 985.919 -611.314 nan nan nan nan nan nan nan nan nan
18.3903 595.98 -929.972 nan nan nan nan nan nan nan nan nan nan nan nan
191.712 709.643 89.9302 364.833 562.517 -889.221 491.059 -528.245 46.6584 816.85 -767.184 -91.8337 -450.879 nan nan
399.088 -404.333 -135.135 457.635 -197.126 912.545 107.593 -520.058 214.4 622.368 849.673 -584.665 874.281 nan nan
-276.7 -919.845 351.595 193.632 544.664 nan nan nan nan nan nan nan nan nan nan
594.273 -868.849 450.687 -119.13 849.789 615.775 643.879 -273.084 -438.203 571.11 993.04 925.384 nan nan nan
-27.7419 -489.786 -986.062 nan nan nan nan nan nan nan nan nan nan nan nan
330.638 nan nan nan nan nan nan nan nan nan nan nan nan nan nan
-467.873 -950.856 -707.443 394.443 -437.797 -153.006 -673.992 -964.258 743.566 -603.196 -780.032 -382.607 159.375 286.349 nan
-426.602 498.148 -336.356 -445.468 137.618 -525.956 -977.365 -464.724 233.208 520.889 861.325 nan nan nan nan
986.5 -19.3416 974.927 289.335 282.619 nan nan nan nan nan nan nan nan nan nan
-684.767 532.38 338.918 658.189 -179.155 667.479 822.514 -873.966 -716.281 757.998 947.052 nan nan nan nan
-88.1046 -762.247 -231.98 57.565 nan nan nan nan nan nan nan nan nan nan nan
130.917 410.438 -926.241 700.725 534.512 -685.823 -409.833 -222.161 989.197 -933.605 -607.662 -340.758 687.043 -505.777 nan
-33.7425 20.1278 -263.143 -52.928 -378.168 803.13 -930.778 -93.5738 -625.813 168.88 -866.491 nan nan nan nan
653.289 509.6 -203.761 253.683 -717.593 -551.068 nan nan nan nan nan nan nan nan nan
-910.765 -424.267 446.605 499.375 -808.667 nan nan nan nan nan nan nan nan nan nan
-772.399 387.71 -722.439 -501.529 173.65 nan nan nan nan nan nan nan nan nan nan
56.7607 -210.961 nan nan nan nan nan nan nan nan nan nan nan nan nan
388.692 -313.226 -919.423 519.444 136.716 -989.623 nan nan nan nan nan nan nan nan nan
381.471 867.111 165.796 171.767 -443.344 719.638 -150.358 966.664 -732.987 -927.742 nan nan nan nan nan
406.449 nan nan nan nan nan nan nan nan nan nan nan nan nan nan
-442.839 801.262 281.72 -463.924 629.564 821.503 308.173 623.522 -803.317 970.507 -747.99 679.175 nan nan nan
488.029 nan nan nan nan nan nan nan nan nan nan nan nan nan nan
-140.442 -385.023 -18.2778 nan nan nan nan nan nan nan nan nan nan nan nan
-581.372 897.29 -188.818 998.53 -176.44 391.948 nan nan nan nan nan nan nan nan nan
465.104 606.755 nan nan nan nan nan nan nan nan nan nan nan nan nan
276.503 456.944 -128.587 577.328 nan nan nan nan nan nan nan nan nan nan nan
-942.983 826.924 -118.664 485.589 961.692 -547.489 -676.919 nan nan nan nan nan nan nan nan
-38.6064 553.681 -582.065 673.264 -977.066 nan nan nan nan nan nan nan nan nan nan
-704.515 -665.588 318.762 -59.4153 -968.195 -30.509 830.17 185.672 -230.145 611.929 910.233 210.82 983.573 nan nan
-434.179 -359.494 -712.673 -156.676 -32.4753 -705.757 -962.072 670.876 -876.691 801.136 -64.8093 nan nan nan nan
52.1256 nan nan nan nan nan nan nan nan nan nan nan nan nan nan
-372.921 128.772 -78.8367 252.679 232.837 nan nan nan nan nan nan nan nan nan nan
-796.47 -50.5527 933.291 207.499 -646.364 -17.9096 462.315 -168.284 579.273 -603.245 233.729 168.749 -816.43 674.213 nan
373.765 -551.754 nan nan nan nan nan nan nan nan nan nan nan nan nan
839.919 -162.111 878.828 829.566 841.041 -575.418 -564.905 102.663 -612.437 -725.851 nan nan nan nan nan
753.358 810.711 -715.941 765.04 -774.94 -960.816 595.206 885.744 -902.893 943.083 551.768 -554.93 nan nan nan
887.959 -43.7714 976.197 -704.416 301.112 617.828 341.691 481.216 499.075 -76.1651 309.665 -244.224 211.707 -581.689 nan
-952.946 836.195 335.124 458.289 -132.641 899.322 982.607 942.076 983.273 345.881 127.51 -685.16 710.755 -469.047 nan
988.504 198.181 -324.385 -525.619 639.735 -215.38 -499.581 134.144 744.34 -505.756 52.2854 nan nan nan nan
-119.361 -640.42 7.10611 -297.01 -400.794 382.876 -577.043 745.465 -60.3155 -147.086 -74.2972 795.712 nan nan nan
-706.61 935.389 522.104 -43.3942 -936.551 -698.173 -373.962 -486.646 541.042 -844.839 -109.381 nan nan nan nan
-101.658 622.645 76.9324 -267.619 -778.698 348.044 -820.495 595.074 326.749 nan nan nan nan nan nan
-543.63 -84.9655 -308.79 196.633 485.724 -538.177 -224.519 -100.108 -353.903 -818.993 428.186 -296.925 585.744 nan nan
-387.517 404.214 -764.28 892.964 -760.24 797.939 253.541 726.221 -685.497 82.043 92.654 919.892 5.61721 -622.445 nan
-328.015 -481.612 -661.351 -378.813 -265.178 -245.781 109.067 237.837 -23.6981 -710.653 276.016 nan nan nan nan
379.773 -652.491 519.577 149.798 899.189 -440.894 -419.242 -883.955 793.933 287.036 -953.436 nan nan nan nan
514.772 379.211 658.5 600.723 776.948 -279.173 929.568 -995.815 nan nan nan nan nan nan nan
793.357 220.986 nan nan nan nan nan nan nan nan nan nan nan nan nan
836.359 -105.257 nan nan nan nan nan nan nan nan nan nan nan nan nan
-891.951 966.012 -54.0943 880.186 -911.43 775.696 710.833 -596.607 -964.828 -315.632 453.857 -875.113 124.001 -277.253 nan
-564.754 419.193 467.027 220.676 -323.687 -680.728 -886.471 305.801 162.038 691.693 nan nan nan nan nan
-223.152 -140.389 -188.031 359.214 -779.069 -704.136 -933.836 -369.462 -45.8415 nan nan nan nan nan nan
-745.054 581.42 -233.199 -458.602 -773.782 -68.1736 395.548 -966.22 934.689 -382.736 394.429 -601.561 24.2715 nan nan
210.557 672.534 -601.031 -146.793 973.366 408.916 -770.972 472.985 -990.283 -574.34 77.0915 nan nan nan nan
970.578 263.277 -98.5082 468.282 -168.686 -656.024 -442.411 322.972 nan nan nan nan nan nan nan
-937.467 284.345 79.8709 -603.52 -806.105 nan nan nan nan nan nan nan nan nan nan
759.936 492.819 460.398 171.939 -759.359 -152.383 -609.858 854.602 -570.946 -750.571 916.063 -287.992 -303.678 804.173 nan
949.29 593.055 -17.6254 736.026 786.962 741.866 -162.582 68.9307 677.303 nan nan nan nan nan nan
7.87529 902.227 -797.565 -600.567 -338.805 721.522 nan nan nan nan nan nan nan nan nan
191.768 -134.608 956.782 181.697 275.145 -927.002 -530.423 686.305 556.668 -935.476 566.409 -414.644 nan nan nan
-641.317 177.75 1.65508 652.793 886.397 -735.862 63.9105 625.446 nan nan nan nan nan nan nan
-75.8455 764.917 -401.04 862.808 -906.857 128.427 -935.068 -567.753 -362.527 -3.47311 -256.543 -650.067 nan nan nan
173.289 -577.064 879.107 -813.479 nan nan nan nan nan nan nan nan nan nan nan
486.8 -885.038 994.004 -172.936 -449.66 -29.8059 387.793 318.496 nan nan nan nan nan nan nan
-356.731 676.585 -997.666 170.402 -719.469 598.609 -763.978 950.037 -385.399 nan nan nan nan nan nan
-504.701 47.7195 -93.6786 -7.06317 464.555 -768.166 6.04014 228.336 -606.576 nan nan nan nan nan nan
206.584 572.848 nan nan nan nan nan nan nan nan nan nan nan nan nan
-402.929 nan nan nan nan nan nan nan nan nan nan nan nan nan nan
588.604 -422.837 771.252 nan nan nan nan nan nan nan nan nan nan nan nan
-371.197 -935.981 15.1933 720.243 -521.981 -717.667 -415.194 -511.683 621.544 517.843 -595.76 nan nan nan nan
983.885 365.022 707.015 214.802 -551.394 353.278 -922.232 135.793 451.478 -324.691 642.802 -710.34 -410.478 nan nan
-158.723 nan nan nan nan nan nan nan nan nan nan nan nan nan nan
650.583 -790.303 748.37 -164.614 648.144 956.401 -905.693 -851.614 -799.333 nan nan nan nan nan nan
126.223 -406.466 542.36 643.527 -57.9593 -896.017 559.896 -699.177 739.915 606.001 -436.25 -568.843 nan nan nan
-62.707 539.472 118.074 -665.39 468.339 -772.87 nan nan nan nan nan nan nan nan nan
-683.485 766.686 -366.081 -114.388 506.949 -304 nan nan nan nan nan nan nan nan nan
446.394 nan nan nan nan nan nan nan nan nan nan nan nan nan nan
285.608 -24.3331 -594.61 -516.327 nan nan nan nan nan nan nan nan nan nan nan
-731.688 413.803 nan nan nan nan nan nan nan nan nan nan nan nan nan
-300.079 116.424 20.4311 -53.8338 -370.799 707.849 505.407 -988.457 nan nan nan nan nan nan nan
3.79116 nan nan nan nan nan nan nan nan nan nan nan nan nan nan
988.806 807.579 211.711 471.986 853.923 -952.585 558.315 -218.817 -802.249 99.4987 -504.232 149.51 nan nan nan
-723.547 599.694 -854.031 639.215 -115.205 312.882 -269.191 -310.871 -620.475 -22.8429 nan nan nan nan nan
754.18 859.813 745.807 -688.502 388.083 447.441 137.818 nan nan nan nan nan nan nan nan
-637.37 383.709 231.51 -437.947 -582.215 310.41 -699.919 695.465 -570.241 -528.827 800.632 271.744 -946.549 559.101 nan
576.421 313.405 992.541 98.1217 -478.603 328.372 778.668 -978.046 -999.04 -25.1078 -233.692 256.885 -787.172 nan nan
-427.853 -978.143 511.55 953.562 471.518 440.146 -426.175 nan nan nan nan nan nan nan nan
-624.266 902.215 -123.038 nan nan nan nan nan nan nan nan nan nan nan nan
827.351 941.945 -717.991 -476.186 -974.659 nan nan nan nan nan nan nan nan nan nan
-137.567 -737.714 -86.7875 800.292 nan nan nan nan nan nan nan nan nan nan nan
-63.6575 -101.125 785.52 692.343 -147.769 325.95 nan nan nan nan nan nan nan nan nan
-19.594 -132.596 728.863 -706.724 95.0909 824.022 -410.75 926.29 -729.094 812.815 -611.199 -530.488 nan nan nan
-932.299 255.732 -492.869 435.644 843.707 235.356 722.851 96.0838 -732.669 -274.409 -908.194 -524.67 -933.011 nan nan
-500.968 -223.624 -984.857 nan nan nan nan nan nan nan nan nan nan nan nan
908.982 -26.6026 673.733 -509.807 nan nan nan nan nan nan nan nan nan nan nan
-86.3649 -202.988 543.442 -384.082 -34.2871 574.246 nan nan nan nan nan nan nan nan nan
-561.653 926.35 -831.475 -595.455 162.033 -399.385 -892.264 323.993 652.463 -642.563 -892.409 -959.711 -903.572 nan nan
368.891 382.27 939.428 408.144 -584.2 425.802 -894.981 118.389 538.814 -199.937 -338.129 642.087 604.11 274.067 nan
22.5155 -844.27 373.716 -686 -575.63 -530.799 438.964 nan nan nan nan nan nan nan nan
-444.71 -808.702 -340.382 716.753 524.049 -139.653 115.935 385.412 608.024 -660.254 379.017 -783.433 535.506 0.971529 nan
-291.391 -816.25 -705.758 444.391 -846.387 0.649761 -421.954 63.3729 199.348 -731.581 nan nan nan nan nan
442.012 168.613 343.721 -992.226 -751.222 -606.5 580.367 666.691 -751.406 -238.209 256.427 -831.857 816.372 554.852 nan
-313.681 671.63 -360.759 -215.944 -657.89 646.005 -965.068 -20.6747 -941.215 -531.122 934.401 855.844 nan nan nan
-346.718 275.833 -208.568 -105.013 439.557 -413.023 -187.405 243.982 -27.639 759.549 -409.838 -851.983 nan nan nan
-928.937 756.139 -792.745 925.072 609.809 492.501 -18.8242 -160.811 -362.163 789.607 -437.666 854.342 -549.597 nan nan
-372.222 859.401 595.842 617.015 -108.332 -748.515 -229.507 -860.015 234.552 32.0842 -750.273 -771.188 -115.376 -143.447 nan
475.722 -695.968 599.693 840.307 435.278 379.372 -343.677 743.609 nan nan nan nan nan nan nan
-585.636 -40.8328 -619.522 378.486 -24.0843 -258.365 615.478 379.281 -36.0735 112.884 868.49 909.441 -286.777 nan nan
-229.301 180.729 181.427 nan nan nan nan nan nan nan nan nan nan nan nan
203.675 284.443 885.852 -393.52 nan nan nan nan nan nan nan nan nan nan nan
586.613 -446.85 665.711 -40.0233 89.6059 852.776 -386.325 895.12 -731.254 665.744 -433.665 156.744 nan nan nan
138.211 -216.924 863.318 nan nan nan nan nan nan nan nan nan nan nan nan
-264.653 785.825 -724.651 -53.6452 57.9728 534.235 nan nan nan nan nan nan nan nan nan
-378.437 307.16 330.642 nan nan nan nan nan nan nan nan nan nan nan nan
480.028 146.006 768.872 -292.948 862.362 -449.847 837.06 -486.882 nan nan nan nan nan nan nan
367.836 -28.7229 nan nan nan nan nan nan nan nan nan nan nan nan nan
589.101 695.828 -873.886 -790.31 -30.0182 nan nan nan nan nan nan nan nan nan nan
-136.209 -879.988 -280.075 -668.098 528.829 -137.4 375.18 976.829 307.614 214.882 nan nan nan nan nan
-653.523 353.452 668.775 -772.36 131.713 285.206 nan nan nan nan nan nan nan nan nan
-192.39 -492.132 588.649 -738.427 nan nan nan nan nan nan nan nan nan nan nan
-329.466 297.798 -338.8 163.72 436.593 -310.376 -607.889 568.804 -147.378 nan nan nan nan nan nan
285.543 49.1983 -431.435 914.03 -230.933 537.137 -703.023 -813.386 nan nan nan nan nan nan nan
-657.135 259.897 794.786 545.333 -239.92 432.344 -898.681 540.1 nan nan nan nan nan nan nan
-228.758 -54.5776 nan nan nan nan nan nan nan nan nan nan nan nan nan
-975.339 635.742 31.2856 nan nan nan nan nan nan nan nan nan nan nan nan
-574.484 787.421 nan nan nan nan nan nan nan nan nan nan nan nan nan
830.734 -367.211 3.05985 935.917 433.73 365.37 -71.2569 -744.797 557.916 -718.98 nan nan nan nan nan
-746.574 433.433 -433.134 -184.485 694.74 -778.375 -118.086 -730.08 nan nan nan nan nan nan nan
50.3645 -75.9186 -885.463 22.0145 397.391 nan nan nan nan nan nan nan nan nan nan
126.91 -69.5587 -982.37 -614.101 -863.419 nan nan nan nan nan nan nan nan nan nan
695.488 -38.201 -809.805 619.16 640.538 -2.63912 732.878 -462.222 -151.766 788.507 485.716 nan nan nan nan
-248.504 786.402 803.545 -482.488 -295.246 164.551 455.943 982.718 -734.679 395.359 -26.1594 nan nan nan nan
-667.773 -143.773 81.1694 707.701 97.5277 nan nan nan nan nan nan nan nan nan nan
-875.98 -237.954 776.947 126.939 nan nan nan nan nan nan nan nan nan nan nan
9.2454 -783.02 785.09 nan nan nan nan nan nan nan nan nan nan nan nan
-229.677 763.934 515.938 -753.229 832.908 905.5 571.677 -520.635 526.559 63.6173 -649.717 -784.16 nan nan nan
-362.975 -516.259 784.838 138.251 820.179 355.478 -762.805 nan nan nan nan nan nan nan nan
301.621 -222.859 -252.09 783.954 -175.277 -549.732 638.244 -120.276 nan nan nan nan nan nan nan
-156.824 -298.607 29.8335 -534.793 309.381 952.961 402.635 939.624 -767.107 207.122 -1.67248 nan nan nan nan
-552.977 -715.843 -789.123 692.907 892.496 798.615 970.965 -123.259 45.3356 -944.895 -482.507 362.495 108.822 nan nan
679.322 110.882 nan nan nan nan nan nan nan nan nan nan nan nan nan
740.889 435.759 629.76 -159.364 389.217 561.783 -535.124 -97.7071 -341.363 -586.006 520.995 899.112 195.937 -24.2541 nan
-187.086 -292.048 36.0278 60.5548 -299.33 272.089 -231.251 -356.529 477.294 -845.49 971.705 330.059 nan nan nan
-70.4736 -359.465 416.762 -977.633 nan nan nan nan nan nan nan nan nan nan nan
596.058 617.639 193.202 197.586 nan nan nan nan nan nan nan nan nan nan nan
-607.343 -22.8193 133.364 769.018 -40.8564 340.336 -638.38 488.213 103.277 -908.778 -324.853 -402.878 584.594 nan nan
-997.234 -676.327 2.99486 -295.581 -342.695 -191.032 -710.992 77.6047 -805.88 627.293 nan nan nan nan nan
-955.567 11.9191 44.8422 -226.13 -79.0455 670.136 -29.0491 -252.16 nan nan nan nan nan nan nan
246.225 469.626 226.075 684.516 -25.2502 -883.296 -421.459 973.371 706.224 9.40299 -887.478 -543.745 nan nan nan
-933.467 952.391 -959.446 131.869 -402.162 -709.493 625.98 nan nan nan nan nan nan nan nan
779.661 -893.78 -721.377 378.689 399.92 76.754 698.758 -50.6507 -903.778 -763.466 nan nan nan nan nan
-425.081 -742.084 -553.847 -976.366 507.405 -749.49 838.031 699.767 nan nan nan nan nan nan nan
95.334 -934.136 506.377 -704.796 -445.449 167.716 -996.939 -687.243 -402.917 -176.01 -858.33 nan nan nan nan
-198.447 -432.175 311.576 -616.573 374.369 nan nan nan nan nan nan nan nan nan nan
-455.052 715.149 288.236 -792.056 -887.075 288.809 -847.924 973.897 -134.998 106.135 -672.887 -4.62335 294.082 nan nan
-108.677 -652.438 -92.4827 -60.5416 333.937 464.928 -14.0908 -31.5008 -675.324 45.4811 506.768 nan nan nan nan
-632.279 196.524 -283.928 264.514 nan nan nan nan nan nan nan nan nan nan nan
-735.717 310.845 -195.721 900.066 -267.471 -605.996 661.828 -990.993 239.303 800.164 nan nan nan nan nan
457.911 -195.616 38.9579 -648.868 -34.9449 nan nan nan nan nan nan nan nan nan nan
-230.281 -702.124 6.1563 611.311 777.895 -51.4077 463.877 287.712 -478.847 nan nan nan nan nan nan
-90.2816 989.474 -970.243 -624.477 -882.956 677.046 177.979 133.635 nan nan nan nan nan nan nan
864.019 -808.942 -506.894 -759.678 197.951 -985.407 206.333 -150.966 187.43 -415.371 804.928 -705.026 nan nan nan
-189.886 -296.159 926.542 -282.132 -717.279 576.806 492.655 -5.57577 -339.886 -616.881 473.324 -288.18 -111.982 nan nan
-633.799 557.368 -567.044 -893.529 195.101 nan nan nan nan nan nan nan nan nan nan
-609.057 -324.38 243.568 -793.763 294.912 279.811 175.773 305.278 nan nan nan nan nan nan nan
-937.002 604.378 -110.475 839.644 -69.4872 -880.722 408.381 -596.799 -189.723 529.278 683.602 -25.6114 -111.204 -450.643 nan
-852.629 852.065 -102.043 329.182 -908.526 -270.806 -238.428 -97.8698 -679.612 556.363 -755.451 nan nan nan nan
-558.442 -464.005 -276.24 902.047 179.126 171.025 -541.612 328.671 -91.7697 14.5368 813.428 -518.849 -22.3459 nan nan
-529.866 224.545 494.815 17.7345 -89.6094 -494.987 nan nan nan nan nan nan nan nan nan
678.784 -94.4252 -606.698 -63.5133 nan nan nan nan nan nan nan nan nan nan nan
-238.407 792.077 -735.652 345.909 318.565 200.384 119.044 113.034 710.165 -642.334 -29.1972 494.014 nan nan nan
-315.696 232.785 547.754 -886.925 -100.28 -763.779 -443.689 nan nan nan nan nan nan nan nan
-755.36 219.855 667.927 -415.943 -293.38 -303.406 -496.316 525.387 -802.835 -601.186 362.463 nan nan nan nan
-707.47 -342.757 -735.026 -484.858 -212.288 358.218 618.577 501.578 -250.003 224.824 197.789 nan nan nan nan
-896.882 232.792 -571.872 704.082 -805.616 695.26 451.482 nan nan nan nan nan nan nan nan
-793.967 891.728 618.915 -772.603 nan nan nan nan nan nan nan nan nan nan nan
616.342 118.457 -794.979 348.397 -611.214 -113.466 nan nan nan nan nan nan nan nan nan
890.925 541.302 -124.412 24.4417 -721.793 126.055 -433.05 633.782 891.473 289.535 133.204 -777.595 486.139 -228.158 nan
-476.048 358.617 -101.314 154.384 nan nan nan nan nan nan nan nan nan nan nan
639.695 886.411 -782.958 889.966 nan nan nan nan nan nan nan nan nan nan nan
161.922 249.842 298.865 842.612 nan nan nan nan nan nan nan nan nan nan nan
609.924 -667.1 -372.007 199.724 669.567 316.8 190.118 350.99 -367.003 nan nan nan nan nan nan
-851.363 990.914 808.839 499.726 736.467 nan nan nan nan nan nan nan nan nan nan
824.358 -637.501 -821.194 -765.651 -532.763 -918.502 -330.496 5.67637 -196.317 -649.589 nan nan nan nan nan
-932.23 -506.834 732.475 -935.264 nan nan nan nan nan nan nan nan nan nan nan
-104.838 nan nan nan nan nan nan nan nan nan nan nan nan nan nan
-773.361 505.563 -863.072 986.791 -825.11 -946.35 371.817 83.1484 -52.7693 95.4606 -464.944 -806.436 -813.401 nan nan
428.97 -729.036 288.022 676.235 -100.149 nan nan nan nan nan nan nan nan nan nan
894.187 -558.98 716.17 -273.094 448.819 -139.041 nan nan nan nan nan nan nan nan nan
-190.24 -124.565 -538.503 -331.219 -521.868 201.037 445.801 226.899 336.593 -32.9411 23.5331 -295.668 736.346 717.871 nan
-573.06 617.652 995.934 -846.14 -236.455 109.075 nan nan nan nan nan nan nan nan nan
-558.951 -243.486 -573.372 592.42 -615.436 nan nan nan nan nan nan nan nan nan nan
561.757 929.729 -130.896 287.758 -452.488 318.894 -622.339 383.3 162.114 -208.518 -289.392 390.407 279.477 nan nan
367.495 583.172 -905.51 -404.989 441.869 207.691 -838.443 -522.449 -793.945 563.404 52.2146 958.115 -718.738 nan nan
-584.314 407.928 908.616 -851.061 499.993 81.9645 -158.466 -923.93 72.2436 nan nan nan nan nan nan
-282.724 946.697 nan nan nan nan nan nan nan nan nan nan nan nan nan
21.7445 369.237 -948.388 -423.008 -903.79 -572.105 163.352 324.892 -619.79 -513.5 -711.468 276.29 -474.924 nan nan
-180.381 367.29 895.412 157.822 -214.108 701.212 -976.744 -587.369 nan nan nan nan nan nan nan
260.39 475.938 -620.058 -393.276 -14.5096 633.097 660.366 -141.661 -471.198 -840.73 893.899 -404.517 -547.2 nan nan
704.686 nan nan nan nan nan nan nan nan nan nan nan nan nan nan
-104.234 388.207 nan nan nan nan nan nan nan nan nan nan nan nan nan
468.321 nan nan nan nan nan nan nan nan nan nan nan nan nan nan
-871.762 -529.599 387.378 788.795 367.158 -947.987 -38.2427 150.277 -849.161 589.083 298.643 70.8978 -882.397 436.944 nan
96.3374 105.371 90.6823 nan nan nan nan nan nan nan nan nan nan nan nan
436.485 188.41 -114.353 nan nan nan nan nan nan nan nan nan nan nan nan
-386.645 nan nan nan nan nan nan nan nan nan nan nan nan nan nan
708.218 26.1036 202.636 879.516 -510 -929.216 -382.28 -226.687 -917.536 425.348 nan nan nan nan nan
964.058 531.97 -378.083 406.843 -562.697 -152.996 -413.25 208.099 nan nan nan nan nan nan nan
690.572 -417.227 312.483 -69.1867 458.33 589.957 -634.645 nan nan nan nan nan nan nan nan
789.972 -502.396 108.848 774.371 479.226 138.417 716.219 nan nan nan nan nan nan nan nan
-572.029 744.018 -257.852 -374.317 nan nan nan nan nan nan nan nan nan nan nan
442.595 260.996 362.637 73.1397 684.249 nan nan nan nan nan nan nan nan nan nan
298.915 -999.141 694.204 -103.117 536.518 -578.235 264.701 -284.349 -534.905 -207.956 588.478 nan nan nan nan
-627.584 -336.94 875.234 -860.479 -164.162 83.2507 -245.956 645.976 -838.338 -858.266 399.383 -653.282 52.4015 nan nan
740.471 424.805 -956.409 945.714 210.627 243.496 -381.912 -606.28 364.014 339.822 874.867 -569.041 nan nan nan
580.544 485.771 -421.93 nan nan nan nan nan nan nan nan nan nan nan nan
-19.8211 616.58 684.321 -408.479 -671.21 786.622 -515.537 885.752 -867.902 -859.291 -758.915 nan nan nan nan
472.87 nan nan nan nan nan nan nan nan nan nan nan nan nan nan
-853.506 996.132 295.763 48.1666 -830.965 234.822 -492.19 785.145 276.488 489.83 -417.492 336.05 -305.191 -756.034 nan
-100.187 -690.616 -875.374 214.343 836.214 -778.218 481.415 48.3975 nan nan nan nan nan nan nan
28.8109 -964.003 491.457 475.087 597.049 -812.129 -403.383 485.725 34.4996 -276.166 -941.597 nan nan nan nan
877.316 915.976 nan nan nan nan nan nan nan nan nan nan nan nan nan
-521.05 549.589 -109.869 -978.343 nan nan nan nan nan nan nan nan nan nan nan
-312.861 -589.359 nan nan nan nan nan nan nan nan nan nan nan nan nan
-540.875 839.442 77.3226 -762.86 762.568 103.98 -223.268 710.875 -570.261 -645.853 -208.287 483.699 nan nan nan
-576.684 52.8362 nan nan nan nan nan nan nan nan nan nan nan nan nan
-168.662 -312.997 nan nan nan nan nan nan nan nan nan nan nan nan nan
725.565 973.686 nan nan nan nan nan nan nan nan nan nan nan nan nan
443.55 -809.373 98.5097 721.212 -353.247 -421.121 555.9 -395.017 -886.794 -783.347 -358.177 379.024 nan nan nan
-403.679 624.999 -252.597 947.114 376.762 -134.439 -387.275 -159.134 -620.54 750.376 nan nan nan nan nan
-682.667 859.088 791.19 719.038 9.36788 958.702 744.017 nan nan nan nan nan nan nan nan
938.235 543.789 -780.296 -464.363 624.056 -544.088 -484.017 265.118 -615.29 -99.4757 51.9638 -844.846 nan nan nan
-651.702 -63.42 nan nan nan nan nan nan nan nan nan nan nan nan nan
-504.419 763.444 -870.127 185.249 -392.252 -227.425 867.299 431.074 743.158 845.735 274.723 806.49 nan nan nan
-134.136 nan nan nan nan nan nan nan nan nan nan nan nan nan nan
612.533 768.518 -74.14 -46.9951 nan nan nan nan nan nan nan nan nan nan nan
-728.157 303.109 -587.485 648.929 -12.8127 nan nan nan nan nan nan nan nan nan nan
280.26 38.3166 -184.17 nan nan nan nan nan nan nan nan nan nan nan nan
-899.814 -907.087 484.075 -929.116 -670.853 372.654 -451.094 518.431 693.806 518.47 -368.097 877.352 nan nan nan
888.242 -753.797 228.25 592.297 nan nan nan nan nan nan nan nan nan nan nan
609.16 248.009 -777.742 -645.056 -282.091 nan nan nan nan nan nan nan nan nan nan
-560.454 -220.834 36.8176 -280.265 927.14 382.271 780.205 -281.003 -932.95 -530.634 -618.001 -770.399 -600.584 946.214 nan
-220.469 -575.202 -727.088 962.708 -589.745 -465.833 856.759 241.892 460.606 776.703 nan nan nan nan nan
-760.929 -9.20963 449.257 -10.7275 -715.027 669.663 671.265 899.802 396.298 24.8135 nan nan nan nan nan
83.2479 34.8989 nan nan nan nan nan nan nan nan nan nan nan nan nan
-83.3169 126.562 nan nan nan nan nan nan nan nan nan nan nan nan nan
664.195 -394.373 -652.946 667.416 nan nan nan nan nan nan nan nan nan nan nan
-499.333 32.9771 933 -232.325 119.612 757.461 -658.592 -996.092 -870.929 nan nan nan nan nan nan
498.324 -145.676 497.27 -156.059 -800.19 nan nan nan nan nan nan nan nan nan nan
34.2478 -217.68 -182.23 560.799 890.837 745.989 772.276 nan nan nan nan nan nan nan nan
23.3821 598.357 -125.852 -783.47 653.321 971.758 372.039 nan nan nan nan nan nan nan nan
-940.472 -730.941 411.933 -635.676 518.04 387.685 959.854 394.142 -376.765 nan nan nan nan nan nan
749.51 -415.71 694.686 -652.047 473.16 -897.241 nan nan nan nan nan nan nan nan nan
53.716 -157.118 -887.157 -627.592 959.877 -384.18 723.175 -422.056 754.718 195.729 659.52 828.547 nan nan nan
-902.175 -385.909 -340.847 809.017 -929.771 132.072 80.4618 -773.621 -477.334 242.762 nan nan nan nan nan
-601.149 -447.51 535.448 -265.727 355.715 -464.348 -401.997 -108.408 -696.149 236.749 nan nan nan nan nan
349.839 709.957 -693.627 -795.573 nan nan nan nan nan nan nan nan nan nan nan
-126.677 -947.348 4.58399 891.734 876.511 732.334 -96.6376 nan nan nan nan nan nan nan nan
-224.534 nan nan nan nan nan nan nan nan nan nan nan nan nan nan
-950.736 151.864 239.916 704.93 nan nan nan nan nan nan nan nan nan nan nan
-316.025 189.504 431.608 -652.609 533.734 937.649 -500.573 -647.287 706.837 270.073 -2.83756 -870.962 -971.405 nan nan
-77.073 -997.306 731.606 300.538 848.386 -216.294 -109.003 997.375 -872.319 -458.961 -390.417 nan nan nan nan
111.477 -827.821 nan nan nan nan nan nan nan nan nan nan nan nan nan
9.68664 -845.199 516.813 -446.811 204.27 321.721 254.772 -330.238 -293.171 -970.436 -165.127 108.582 nan nan nan
30.3683 -405.04 876.471 -618.921 nan nan nan nan nan nan nan nan nan nan nan
117.655 241.224 -447.407 159.52 38.8178 465.383 -384.241 397.625 211.508 567.294 -649.645 71.9676 26.7657 142.031 nan
500.268 25.4778 -838.352 21.9144 -845.005 -36.0981 606.912 849.381 537.049 937.804 -283.815 nan nan nan nan
272.178 -466.367 395.323 7.01604 198.778 645.661 669.664 742.859 -843.886 -489.905 867.07 689.163 -983.39 nan nan
957.606 450.606 nan nan nan nan nan nan nan nan nan nan nan nan nan
678.112 -784.352 544.621 966.325 729.21 111.165 886.628 -218.76 nan nan nan nan nan nan nan
67.021 790.933 -612.422 -764.45 810.099 nan nan nan nan nan nan nan nan nan nan
-502.579 132.698 280.012 -733.426 696.876 234.394 nan nan nan nan nan nan nan nan nan
-78.9307 261.059 134.177 -763.95 -948.661 -502.996 834.557 -766.526 487.192 322.536 nan nan nan nan nan
150.232 -903.271 291.321 -84.7802 -283.702 159.262 171.032 -642.352 730.372 -710.324 701.333 nan nan nan nan
920.492 -999.504 -643.908 -411.679 nan nan nan nan nan nan nan nan nan nan nan
807.54 -456.658 836.356 865.662 -841.032 -114.013 363.799 -284.326 89.8441 -105.991 592.494 745.992 nan nan nan
592.203 343.932 361.366 nan nan nan nan nan nan nan nan nan nan nan nan
-497.114 20.9322 218.426 -599.581 560.247 837.938 -115.552 -578.711 -649.778 806.195 nan nan nan nan nan
661.415 22.6356 526.281 -997.827 -897.248 -104.441 783.584 341.214 680.482 572.848 -576.579 -680.751 -847.638 509.456 nan
-135.244 0.630524 nan nan nan nan nan nan nan nan nan nan nan nan nan
623 -920.593 894.676 -267.976 -738.096 -161.464 478.698 -75.1973 nan nan nan nan nan nan nan
-830.11 656.383 -2.51296 912.955 942.498 767.744 -408.271 -254.466 -340.309 571.947 -632.109 -995.726 nan nan nan
53.564 373.272 94.4708 -934.215 -718.015 nan nan nan nan nan nan nan nan nan nan
219.447 868.689 nan nan nan nan nan nan nan nan nan nan nan nan nan
-501.095 252.244 -790.679 -140.493 -639.539 nan nan nan nan nan nan nan nan nan nan
395.41 202.337 -220.954 601.649 335.004 -699.057 -826.407 457.63 nan nan nan nan nan nan nan
-675.507 35.3559 243.851 661.907 583.451 -43.7814 -530.938 607.286 848.134 -897.378 -140.267 89.458 -377.571 543.511 nan
-241.958 -131.819 449.006 -721.103 243.268 362.995 -210.174 749.337 246.068 nan nan nan nan nan nan
-139.401 -391.755 134.499 960.937 276.32 -529.293 -352.227 -742.482 680.673 -4.15532 -456.8 nan nan nan nan
854.439 -585.183 -291.421 -207.975 579.693 -926.93 -460.044 -319.98 541.859 733.628 817.445 320.268 85.896 nan nan
-257.643 718.181 -835 -878.119 226.835 -539.176 -411.731 -294.169 202.567 47.5759 -150.202 -148.968 309.234 nan nan
428.072 -398.906 -755.754 -687.463 573.845 25.1249 238.448 820.764 -994.341 -138.212 -658.233 nan nan nan nan
899.346 -54.6282 147.221 -857.521 -706.052 900.385 956.804 87.2799 nan nan nan nan nan nan nan
-220.479 858.501 nan nan nan nan nan nan nan nan nan nan nan nan nan
875.131 338.594 371.448 456.1 317.721 559.365 -303.304 92.3456 nan nan nan nan nan nan nan
-96.4673 880.575 -410.302 942.923 675.799 -987.092 -916.829 -5.16149 915.4 334.531 87.7931 -787.988 565.704 -839.777 nan
-760.759 678.73 590.691 806.599 nan nan nan nan nan nan nan nan nan nan nan
10.8109 942.361 -190.483 -881.499 819.358 112.697 -410.609 -418.506 -374.944 -784.221 nan nan nan nan nan
-50.5333 -199.458 -714.493 267.751 -440.922 925.528 -899.392 -275.905 nan nan nan nan nan nan nan
563.048 349.54 -959.723 nan nan nan nan nan nan nan nan nan nan nan nan
173.054 -176.649 nan nan nan nan nan nan nan nan nan nan nan nan nan
-563.029 -612.356 -435.377 500.675 -328.555 -224.327 -853.486 -416.299 741.634 nan nan nan nan nan nan
652.308 nan nan nan nan nan nan nan nan nan nan nan nan nan nan
994.88 nan nan nan nan nan nan nan nan nan nan nan nan nan nan
614.003 -62.4135 -475.484 -132.142 453.678 -283.816 -138.035 770.336 -304.406 448.623 909.759 -161.639 -431.653 nan nan
312.723 -181.341 637.012 -288.522 781.605 -257.62 859.14 nan nan nan nan nan nan nan nan
649.762 871.163 -386.815 -261.665 696.611 -672.65 -916.514 154.869 67.6664 nan nan nan nan nan nan
382.396 -521.658 -70.8783 885.651 -186.788 535.218 57.2023 -400.493 -566.008 212.249 -463.725 -868.783 403.284 nan nan
-567.597 -412.459 -721.244 nan nan nan nan nan nan nan nan nan nan nan nan
191.369 577.621 -653.046 -289.238 -674.784 -209.672 936.944 -687.1 842.348 -288.039 nan nan nan nan nan
-110.592 79.3512 -154.548 664.387 -362.17 -318.891 673.627 -189.905 706.962 -104.756 590.805 621.077 nan nan nan
-764.868 -162.307 -506.61 41.8839 -808.017 -956.116 nan nan nan nan nan nan nan nan nan
-980.589 745.408 63.0884 -42.7514 676.333 -240.9 49.4965 447.224 489.654 -627.171 nan nan nan nan nan
-44.5903 -247.611 530.817 -711.777 443.532 142.244 -35.1259 203.969 -946.33 70.087 701.475 64.974 -936.492 nan nan
-65.4888 -841.722 -315.925 695.187 -351.427 242.067 -660.028 -367.173 101.665 -181.039 nan nan nan nan nan
500.661 -679.644 -808.2 -43.6615 -862.741 -989.617 -355.599 -888.654 486.799 -668.169 758.194 615.65 -87.0521 nan nan
351.528 285.18 -930.071 297.776 -684.435 -118.481 118.481 -549.202 nan nan nan nan nan nan nan
795.663 -569.372 453.409 967.784 -575.53 -105.644 -647.143 501.684 nan nan nan nan nan nan nan
-408.826 909.908 696.306 -518.367 484.436 nan nan nan nan nan nan nan nan nan nan
68.4125 368.629 -139.388 nan nan nan nan nan nan nan nan nan nan nan nan
107.009 354.778 -60.4285 805.639 761.306 -883.878 -355.682 514.902 nan nan nan nan nan nan nan
104.446 277.801 250.168 178.635 991.494 403.631 -880.646 -130.759 992.513 -35.195 nan nan nan nan nan
-109.191 -20.5919 -350.897 -519.153 -899.822 nan nan nan nan nan nan nan nan nan nan
283.363 362.066 -672.953 -516.867 -766.062 -979.3 -78.179 -972.158 -391.538 556.046 686.505 nan nan nan nan
-985.841 520.54 590 719.013 28.0857 752.391 -398.442 nan nan nan nan nan nan nan nan
486.321 -30.4065 -313.501 595.024 -165.78 -841.826 -689.466 -424.73 -560.76 -198.734 92.4886 -468.521 481.14 577.273 nan
369.767 -829.456 882.843 -66.6033 0.241314 187.197 -194.486 70.9466 -563.227 301.399 -478.859 -180.86 nan nan nan
-970.333 715.559 487.908 604.8 -653.145 220.555 -3.07093 -940.595 -904.864 -151.279 nan nan nan nan nan
511.179 -708.972 -662.711 479.802 -774.583 70.8336 -271.904 714.279 nan nan nan nan nan nan nan
-222.39 -597.478 -252.844 nan nan nan nan nan nan nan nan nan nan nan nan
882.17 72.2954 223.908 98.9501 nan nan nan nan nan nan nan nan nan nan nan
-208.152 889.818 nan nan nan nan nan nan nan nan nan nan nan nan nan
657.354 767.144 939.641 nan nan nan nan nan nan nan nan nan nan nan nan
-14.5938 703.127 848.946 404.065 -9.67186 -261.797 -697.585 nan nan nan nan nan nan nan nan
765.481 -590.178 265.893 -194.203 910.315 369.649 -11.8651 313.58 -472.161 252.774 263.599 109.333 nan nan nan
715.572 nan nan nan nan nan nan nan nan nan nan nan nan nan nan
970.74 -561.29 -231.254 -401.233 515.478 -881.326 408.526 -969.568 195.755 -323.191 -311.587 193.619 784.726 -163.995 nan
645.35 -322.162 223.187 nan nan nan nan nan nan nan nan nan nan nan nan
592.623 545.528 -973.762 -582.947 -732.875 742.053 nan nan nan nan nan nan nan nan nan
-32.7927 329.243 946.441 44.6808 nan nan nan nan nan nan nan nan nan nan nan
-317.334 741.577 -324.626 -942.87 -262.992 nan nan nan nan nan nan nan nan nan nan
370.9 692.281 378.749 853.4 -853.257 -224.393 -580.52 426.646 -781.445 577.908 745.094 -684.726 113.573 -175.475 nan
-890.398 -167.924 -727.425 745.559 -895.852 nan nan nan nan nan nan nan nan nan nan
536.031 -590.47 459.079 -283.379 -914.774 -278.978 -420.775 -319.062 529.18 -809.401 902.434 -403.875 -448.836 466.332 nan
-951.892 -764.359 nan nan nan nan nan nan nan nan nan nan nan nan nan
693.281 893.054 -519.53 -583.266 4.62279 -303.496 119.121 -976.853 nan nan nan nan nan nan nan
933.21 -758.76 nan nan nan nan nan nan nan nan nan nan nan nan nan
886.215 383.021 -227.365 848.237 -618.685 985.371 282.375 -492.871 438.749 172.607 -47.1491 nan nan nan nan
-461.494 -266.608 577.934 -862.097 877.511 nan nan nan nan nan nan nan nan nan nan
506.075 -457.904 917.872 575.614 -176.624 -678.729 979.447 368.967 nan nan nan nan nan nan nan
474.948 498.201 628.57 nan nan nan nan nan nan nan nan nan nan nan nan
518.841 40.268 -279.143 274.722 254.78 518.481 88.0963 -282.802 -356.118 17.0446 nan nan nan nan nan
740.456 379.886 317.461 836.687 -655.216 -233.385 -411.234 910.068 -704.502 642.104 -637.629 nan nan nan nan
200.896 491.05 939.836 -52.0657 405.855 -796.417 -388.262 -597.355 878.604 233.738 427.935 -766.009 -235.794 nan nan
-844.587 -52.0466 983.312 -826.379 -256.504 -283.162 -484.025 -10.8386 -98.4533 813.605 nan nan nan nan nan
881.656 925.938 -6.9958 -346.848 -47.8785 953.252 211.225 932.291 -39.5745 nan nan nan nan nan nan
288.396 -981.713 -570.459 -559.229 647.805 417.289 nan nan nan nan nan nan nan nan nan
312.442 995.415 537.382 -930.983 493.233 385.106 396.766 827.702 924.934 709.733 287.471 nan nan nan nan
-835.842 471.133 nan nan nan nan nan nan nan nan nan nan nan nan nan
542.175 685.599 564.162 865.971 -936.457 1.70163 -709.461 785.294 879.787 163.893 604.922 nan nan nan nan
-961.218 -459.098 -292.433 nan nan nan nan nan nan nan nan nan nan nan nan
-17.4237 587.569 772.806 -939.777 -346.073 -306.877 33.5696 nan nan nan nan nan nan nan nan
-87.4527 nan nan nan nan nan nan nan nan nan nan nan nan nan nan
-520.248 636.206 -299.261 756.592 -615.233 -684.602 -951.216 -10.9912 468.907 -494.343 nan nan nan nan nan
-736.586 440.46 -366.693 -176.314 nan nan nan nan nan nan nan nan nan nan nan
888.677 604.266 -626.158 360.648 -994.386 849.252 -737.779 114.542 nan nan nan nan nan nan nan
920.111 -598.779 -782.612 nan nan nan nan nan nan nan nan nan nan nan nan
608.329 -402.617 -157.528 -611.43 -850.713 533.851 996.287 nan nan nan nan nan nan nan nan
-91.0628 -25.7159 -84.7719 -413.15 -63.2655 -387.677 nan nan nan nan nan nan nan nan nan
-294.634 800.046 399.869 902.617 737.304 -180.8 329.298 nan nan nan nan nan nan nan nan
622.445 -365.558 -722.515 nan nan nan nan nan nan nan nan nan nan nan nan
-8.79335 231.066 -689.864 -53.6523 -999.166 -539.843 -488.633 -838.204 -316.696 247.086 575.805 -119.87 nan nan nan
-409.656 nan nan nan nan nan nan nan nan nan nan nan nan nan nan
-961.892 280.828 -569.043 818.337 728.751 137.995 -275.05 -166.017 438.891 688.086 -339.665 nan nan nan nan
846.388 -174.214 749.084 61.2534 -777.208 126.187 -57.6487 470.678 -519.889 -683.723 -344.615 -697.66 nan nan nan
-63.4957 105.271 69.6 -683.501 -850.899 -866.393 -147.105 -487.811 -907.01 -246.332 -308.142 79.1113 -669.074 -633.671 nan
368.211 138.189 661.929 nan nan nan nan nan nan nan nan nan nan nan nan
-864.093 nan nan nan nan nan nan nan nan nan nan nan nan nan nan
-988.973 577.268 -573.504 -586.642 36.9068 -999.681 785.949 -576.646 -443.765 -90.2339 -426.963 nan nan nan nan
-286.746 -627.204 -190.977 -241.131 282.237 699.977 -328.23 663.82 -308.006 295.682 nan nan nan nan nan
665.35 341.789 -162.203 -995.249 nan nan nan nan nan nan nan nan nan nan nan
509.87 nan nan nan nan nan nan nan nan nan nan nan nan nan nan
867.796 763.376 977.162 166.54 883.055 -705.115 nan nan nan nan nan nan nan nan nan
177.663 -654.161 -914.793 -349.846 607.985 nan nan nan nan nan nan nan nan nan nan
-480.224 920.703 418.871 504.925 656.953 -917.192 703.853 792.477 422.731 nan nan nan nan nan nan
-263.523 362.496 nan nan nan nan nan nan nan nan nan nan nan nan nan
-227.676 -211.209 870.123 117.085 -490.899 nan nan nan nan nan nan nan nan nan nan
49.0567 -498.477 27.979 617.246 -261.207 803.097 -37.1844 711.294 -511.819 nan nan nan nan nan nan
316.962 379.088 -827.201 -852.174 37.5308 -432.445 528.11 775.422 -488.555 -783.342 -78.4199 945.058 nan nan nan
260.278 -118.445 nan nan nan nan nan nan nan nan nan nan nan nan nan
-941.576 287.048 nan nan nan nan nan nan nan nan nan nan nan nan nan
489.97 -995.781 -251.913 -373.523 -48.5318 -911.469 -238.788 -985.66 772.008 nan nan nan nan nan nan
565.992 512.538 -419.914 141.257 994.612 286.374 -189.905 -515.707 nan nan nan nan nan nan nan
466.283 38.0616 -306.511 -368.599 294.396 -411.153 867.3 117.426 -123.14 732.472 -407.065 473.163 227.124 397.754 nan
383.464 615.742 -430.173 494.911 -785.943 -230.048 -272.825 -892.435 -335.454 nan nan nan nan nan nan
-957.82 -231.41 -124.014 874.853 636.992 961.364 -266.635 398.754 nan nan nan nan nan nan nan
-59.4935 794.942 428.219 -461.084 -587.831 601.94 nan nan nan nan nan nan nan nan nan
-546.29 -616.897 -746.561 746.378 -678.31 525.886 -158.67 -654.19 241.175 -764.179 378.344 668.928 -901.132 nan nan
-977.099 -735.188 -725.121 329.989 69.6916 41.9325 675.902 -408.23 596.023 586.635 -200.405 nan nan nan nan
-635.891 362.573 615.954 -624.586 -976.138 -685.878 -252.379 nan nan nan nan nan nan nan nan
-208.831 698.435 281.565 -853.591 51.57 -21.7486 nan nan nan nan nan nan nan nan nan
691.076 -8.30221 163.746 nan nan nan nan nan nan nan nan nan nan nan nan
-158.892 643.567 971.918 -422.669 972.586 -249.376 230.391 830.234 1.27241 -883.3 -144.201 -207.917 -719.548 343.107 nan
988.312 782.129 495.809 821.832 127.411 -124.872 90.361 -584.302 -670.233 -923.735 -731.151 nan nan nan nan
882.235 nan nan nan nan nan nan nan nan nan nan nan nan nan nan
212.142 -365.041 -609.289 -426.83 186.861 414.218 nan nan nan nan nan nan nan nan nan
-644.228 300.511 216.883 766.38 749.101 -277.586 -213.462 -940.776 852.199 390.147 -11.4407 560.364 nan nan nan
186.118 894.882 358.132 779.188 13.265 -972.902 -719.641 419.824 -821.938 -556.825 -903.874 986.805 nan nan nan
-64.6314 -371.374 379.618 -103.203 995.232 619.601 -262.639 -672.692 565.815 152.453 652.838 nan nan nan nan
-717.185 -713.828 -561.289 -808.543 -996.114 837.751 nan nan nan nan nan nan nan nan nan
158.358 -908.886 949.083 -520.024 625.499 363.602 -700.997 354.465 -465.92 848.694 931.253 919.458 177.643 -136.402 nan
259.797 98.5419 98.3827 -786.973 514.042 59.7229 -572.862 nan nan nan nan nan nan nan nan
-661.909 8.05503 944.617 818.696 nan nan nan nan nan nan nan nan nan nan nan
-598.108 -950.409 -864.763 432.21 nan nan nan nan nan nan nan nan nan nan nan
41.374 72.4928 -287.078 -760.638 -849.034 914.739 -870.299 958.834 805.419 -253.441 -965.91 971.717 -467.742 nan nan
-291.257 -153.213 nan nan nan nan nan nan nan nan nan nan nan nan nan
824.146 461.932 -888.196 -186.195 -724.042 -709.552 737.938 378.489 -893.781 578.49 -240.4 nan nan nan nan
34.7182 293.873 -828.922 nan nan nan nan nan nan nan nan nan nan nan nan
896.311 611.124 971.132 -679.538 235.941 -609.252 504.732 nan nan nan nan nan nan nan nan
-606.691 -139.39 641.068 -473.884 nan nan nan nan nan nan nan nan nan nan nan
825.469 -612.498 -239.192 733.213 845.747 -921.866 nan nan nan nan nan nan nan nan nan
438.696 331.606 -612.456 nan nan nan nan nan nan nan nan nan nan nan nan
-72.6285 116.316 551.387 -340.674 -431.587 -914.14 380.084 -766.406 846.789 531.2 -478.494 -67.9166 -166.463 -485.478 nan
93.5287 342.448 672.599 -435.733 385.307 -586.17 -151.384 -722.08 -445.197 nan nan nan nan nan nan
-896.587 -506.271 859.138 -17.0823 -787.586 -742.247 612.186 212.384 -942.274 nan nan nan nan nan nan
511.902 132.272 500.075 -697.601 229.424 800.219 -877.351 500.741 641.011 -317.596 nan nan nan nan nan
-24.9081 575.01 334.972 -796.688 -32.2532 430.441 nan nan nan nan nan nan nan nan nan
-207.645 812.915 226.388 898.571 980.627 649.528 -423.465 40.1122 nan nan nan nan nan nan nan
380.822 -364.797 235.189 -964.379 451.281 298.446 1.0499 475.103 -997.922 -948.454 22.5573 -989.616 nan nan nan
67.3347 -913.352 856.741 -581.446 -719.38 600.831 353.314 nan nan nan nan nan nan nan nan
402.822 -839.444 -68.4137 629.686 -501.277 -99.6749 923.91 -817.633 -931.817 nan nan nan nan nan nan
-446.155 201.028 190.775 -126.576 nan nan nan nan nan nan nan nan nan nan nan
-867.269 930.16 942.366 -635.25 588.22 nan nan nan nan nan nan nan nan nan nan
-982.296 -326.141 95.0935 -86.958 -804.369 563.4 -93.3876 -454.259 nan nan nan nan nan nan nan
452.661 734.773 392.487 -938.605 -186.678 nan nan nan nan nan nan nan nan nan nan
-109.797 770.816 nan nan nan nan nan nan nan nan nan nan nan nan nan
-706.69 78.1155 157.091 -166.923 -144.621 -456.883 791.863 541.553 914.42 nan nan nan nan nan nan
-340.123 -63.2051 668.688 544.621 nan nan nan nan nan nan nan nan nan nan nan
-508.521 -462.133 -151.887 nan nan nan nan nan nan nan nan nan nan nan nan
99.8974 584.615 483.027 474.567 499.33 427.318 -105.32 724.915 -356.442 -751.915 719.357 nan nan nan nan
-1.70753 843.814 -278.136 980.418 -862.526 -697.382 369.687 294.022 342.534 291.381 -511.506 -957.734 nan nan nan
927.255 nan nan nan nan nan nan nan nan nan nan nan nan nan nan
17.8887 -209.571 -446.22 nan nan nan nan nan nan nan nan nan nan nan nan
-85.5886 427.82 -584.077 790.194 -504.695 -602.951 477.885 nan nan nan nan nan nan nan nan
-895.814 245.058 -857.504 -323.573 -919.309 156.39 -857.067 -115.696 -325.719 541.897 -333.082 nan nan nan nan
591.644 496.438 771.89 791.094 -110.579 302.121 412.883 847.404 -976.781 -715.786 -190.063 707.159 nan nan nan
796.866 487.781 -193.332 942.447 273.877 -866.224 -233.649 -254.928 -200.611 -313.242 270.345 -553.372 nan nan nan
671.022 694.946 447.519 -737.534 -524.284 721.499 -801.323 701.698 975.851 -860.774 -191.384 650.076 -526.394 nan nan
11.5714 -702.076 -363.268 -882.947 -518.984 -982.62 -830.572 nan nan nan nan nan nan nan nan
742.283 146.245 -786.566 602.138 -113.907 267.061 -78.3289 nan nan nan nan nan nan nan nan
46.4952 148.104 -355.384 -952.662 -368.836 -924.981 58.6973 147.354 291.63 710.673 807.628 -655.202 -784.028 nan nan
11.1418 -108.099 -364.981 nan nan nan nan nan nan nan nan nan nan nan nan
264.324 -588.902 439.811 795.562 238.776 nan nan nan nan nan nan nan nan nan nan
-998.087 697.378 568.653 107.748 nan nan nan nan nan nan nan nan nan nan nan
-823.953 934.596 -247.14 141.875 330.742 63.942 572.091 44.3851 510.985 288.715 -575.617 -804.426 575.282 nan nan
290.805 -285.584 760.724 nan nan nan nan nan nan nan nan nan nan nan nan
-702.354 -24.9525 nan nan nan nan nan nan nan nan nan nan nan nan nan
272.209 519.691 610.238 389.967 452.555 643.45 364.399 nan nan nan nan nan nan nan nan
-247.96 867.206 582.966 -816.48 nan nan nan nan nan nan nan nan nan nan nan
470.678 -590.074 -892.931 nan nan nan nan nan nan nan nan nan nan nan nan
775.374 -644.822 -49.1675 -293.616 322.838 nan nan nan nan nan nan nan nan nan nan
-732.144 473.587 -203.171 -588.694 780.738 -42.6199 551.015 -415.801 356.701 nan nan nan nan nan nan
891.987 -700.56 193.172 531.141 352.087 94.6201 -734.128 nan nan nan nan nan nan nan nan
-556.425 -709.229 -667.692 -24.9879 763.579 -473.146 -945.525 nan nan nan nan nan nan nan nan
884.842 47.5876 609.27 -176.541 654.404 131.237 980.549 387.932 483.319 -627.173 -222.12 -56.942 -302.575 nan nan
-381.346 162.829 920.362 557.752 780.369 -667.887 -221.398 182.637 671.269 nan nan nan nan nan nan
192.18 nan nan nan nan nan nan nan nan nan nan nan nan nan nan
-49.5178 168.384 nan nan nan nan nan nan nan nan nan nan nan nan nan
-17.1998 nan nan nan nan nan nan nan nan nan nan nan nan nan nan
532.687 -652.648 nan nan nan nan nan nan nan nan nan nan nan nan nan
-948.03 723.15 -832.872 -93.2421 -865.93 -184.227 594.024 nan nan nan nan nan nan nan nan
863.228 -298.795 -311.63 nan nan nan nan nan nan nan nan nan nan nan nan
-118.936 624.565 133.649 375.547 -235.025 60.317 -261.466 nan nan nan nan nan nan nan nan
153.767 -288.307 -21.4894 798.526 330.855 -604.292 -328.266 932.915 nan nan nan nan nan nan nan
24.9606 -263.531 522.372 986.555 72.1923 -908.419 -278.028 nan nan nan nan nan nan nan nan
-652.131 806.033 nan nan nan nan nan nan nan nan nan nan nan nan nan
-2.42498 770.578 -644.424 nan nan nan nan nan nan nan nan nan nan nan nan
535.886 -145.493 714.26 -280.421 469.635 31.3964 455.277 49.7836 528.389 62.7367 102.308 nan nan nan nan
622.241 -661.716 -66.9544 -294.795 -377.593 462.119 -756.245 -460.184 548.013 -528.088 -445.536 850.602 199.094 633.504 nan
325.593 -479.965 -402.082 nan nan nan nan nan nan nan nan nan nan nan nan
-795.853 -221.938 -158.581 -380.463 -630.884 nan nan nan nan nan nan nan nan nan nan
112.5 942.485 -461.203 310.051 520.078 -121.438 517.213 312.044 27.6616 -104.982 nan nan nan nan nan
669.297 -630.055 807.407 -463.831 nan nan nan nan nan nan nan nan nan nan nan
657.43 nan nan nan nan nan nan nan nan nan nan nan nan nan nan
624.943 52.9182 362.306 nan nan nan nan nan nan nan nan nan nan nan nan
447.163 767.461 673.407 -105.967 nan nan nan nan nan nan nan nan nan nan nan
291.124 349.676 30.7358 930.669 -178.114 652.647 -788.957 -933.979 259.798 -821.274 896.003 nan nan nan nan
-744.658 550.522 537.259 -159.288 nan nan nan nan nan nan nan nan nan nan nan
-836.267 508.621 774.535 -243.306 -384.779 963.5 -258.906 916.533 435.182 nan nan nan nan nan nan
914.134 996.797 -882.099 nan nan nan nan nan nan nan nan nan nan nan nan
-153.271 603.556 -524.402 -385.56 -374.39 879.965 nan nan nan nan nan nan nan nan nan
-472.786 575.688 952.159 -707.122 448.669 -494.528 761.573 725 133.552 nan nan nan nan nan nan
-516.117 983.649 816.386 -588.183 313.085 -162.967 -325.327 365.661 31.7033 724.43 883.94 -162.933 nan nan nan
-761.815 -757.211 827.602 368.933 -749.418 952.783 743.059 -84.598 -586.975 -579.909 466.884 -467.95 -828.118 nan nan
925.869 225.117 989.206 214.742 239.071 548.328 -411.337 234.135 -878.771 -594.924 nan nan nan nan nan
-135.333 nan nan nan nan nan nan nan nan nan nan nan nan nan nan
33.0398 -526.429 196.328 -75.0753 -53.6861 541.617 -386.535 -754.885 -461.513 -593.133 388.381 836.492 216.541 -86.0775 nan
627.143 -550.209 -341.027 702.567 -436.49 147.791 -172.397 659.985 nan nan nan nan nan nan nan
743.43 -188.96 -389.74 400.822 -722.966 -740.993 470.706 -982.503 nan nan nan nan nan nan nan
-35.7941 -658.226 763.906 -771.653 -870.905 735.935 309.56 292.714 736.024 -918.576 -53.9179 460.456 645.443 nan nan
686.995 3.05111 411.431 -613.401 -812.78 411.136 310.597 474.129 -126.105 nan nan nan nan nan nan
2.87521 -942.197 848.573 -209.796 648.653 -316.497 629.794 -718.08 3.44335 510.76 -595.435 nan nan nan nan
-404.239 977.788 -64.7268 nan nan nan nan nan nan nan nan nan nan nan nan
-47.2334 259.938 279.173 -837.485 -286.58 709.628 -41.7949 423.001 -14.4086 nan nan nan nan nan nan
338.463 -88.6189 -123.362 794.452 -648.279 360.106 469.565 -189.66 111.477 nan nan nan nan nan nan
-587.494 848.763 -25.0945 -230.48 -257.487 nan nan nan nan nan nan nan nan nan nan
-568.107 27.8818 nan nan nan nan nan nan nan nan nan nan nan nan nan
843.898 nan nan nan nan nan nan nan nan nan nan nan nan nan nan
744.917 873.129 380.029 -444.602 141.739 788.171 -450.661 -47.0754 -233.408 -906.697 -343.937 -352.018 -759.035 nan nan
795.253 -939.476 354.6 787.859 41.1408 nan nan nan nan nan nan nan nan nan nan
-781.639 461.579 446.249 -595.746 -911.252 -953.429 -550.593 -549.549 622.686 256.965 -513.829 nan nan nan nan
739.307 7.72206 -554.918 721.799 -259.243 -868.669 -536.359 31.7496 520.865 -117.925 816.844 512.893 124.396 nan nan
-119.626 -456.414 227.022 -604.9 377.673 134.841 -23.6691 nan nan nan nan nan nan nan nan
405.813 476.785 -24.6526 617.735 381.108 30.5045 -432.891 752.311 208.717 568.779 -149.185 -914.809 nan nan nan
-410.645 -842.012 nan nan nan nan nan nan nan nan nan nan nan nan nan
-106.896 908.756 702.49 85.0119 -601.231 572.533 -324.731 697.829 531.361 611.482 777.424 650.13 973.156 nan nan
784.497 -918.174 nan nan nan nan nan nan nan nan nan nan nan nan nan
-610.625 169.091 -188.686 -139.922 681.92 713.155 -274.8 771.658 -898.785 -506.746 -561.881 nan nan nan nan
-428.021 411.687 211.564 233.016 -102.315 -400.864 -981.287 -842.647 62.3384 951.213 -51.2209 nan nan nan nan
-316.799 86.8902 -355.672 809.78 -133.497 -463.257 404.548 -765.793 521.97 -616.765 843.454 nan nan nan nan
72.0176 -391.362 667.219 434.634 116.577 -350.207 682.873 482.833 539.708 -580.763 181.679 nan nan nan nan
340.235 548.812 35.9359 -96.5513 440.87 -547.549 -355.811 398.324 nan nan nan nan nan nan nan
604.897 68.47 -235.531 359.291 964.686 -766.73 -27.1868 374.166 -900.387 249.741 nan nan nan nan nan
583.871 981.006 90.2465 -95.1985 627.974 -322.6 600.382 561.991 -351.187 355.533 183.164 -449.832 242.473 nan nan
-805.481 -773.82 882.216 -636.571 -273.595 413.325 702.075 -150.769 914.855 -219.585 568.178 -158.171 13.5251 -769.475 nan
971.79 611.602 nan nan nan nan nan nan nan nan nan nan nan nan nan
-544.97 -936.311 -129.995 -332.283 -751.321 -557.296 984.477 142.444 760.101 702.354 179.355 -635.785 nan nan nan
336.85 -698.741 972.502 458.639 -322.812 648.704 -664.26 nan nan nan nan nan nan nan nan
885.482 730.638 113.599 950.089 178.318 90.7488 775.912 nan nan nan nan nan nan nan nan
458.839 948.673 -35.9682 809.143 -700.816 -919.167 274.169 -57.1757 -379.418 931.815 -692.568 -295.877 -828.514 744.022 nan
